3 489.500000 498.000000 180.000000
4 460.000000 507.000000 90.000000
4 480.000000 507.000000 90.000000
4 470.000000 517.000000 180.000000
3 450.000000 498.000000 180.000000
3 430.000000 498.000000 180.000000
3 410.000000 498.000000 180.000000
3 390.000000 498.000000 180.000000
3 370.000000 498.000000 180.000000
3 350.000000 498.000000 180.000000
3 330.000000 498.000000 180.000000
3 310.000000 498.000000 180.000000
3 290.000000 498.000000 180.000000
3 270.000000 498.000000 180.000000
3 250.000000 498.000000 180.000000
3 230.000000 498.000000 180.000000
3 210.000000 498.000000 180.000000
3 190.000000 498.000000 180.000000
3 170.000000 498.000000 180.000000
3 150.000000 498.000000 180.000000
3 130.000000 498.000000 180.000000
3 110.000000 498.000000 180.000000
3 90.000000 498.000000 180.000000
3 70.000000 498.000000 180.000000
3 50.000000 498.000000 180.000000
3 30.000000 498.000000 180.000000
3 10.000000 498.000000 180.000000
3 -10.000000 498.000000 180.000000
3 -30.000000 498.000000 180.000000
3 -50.000000 498.000000 180.000000
3 -70.000000 498.000000 180.000000
3 -90.000000 498.000000 180.000000
3 -110.000000 498.000000 180.000000
3 -130.000000 498.000000 180.000000
3 -150.000000 498.000000 180.000000
3 -170.000000 498.000000 180.000000
3 -190.000000 498.000000 180.000000
3 -210.000000 498.000000 180.000000
3 -230.000000 498.000000 180.000000
3 -250.000000 498.000000 180.000000
3 -270.000000 498.000000 180.000000
3 -290.000000 498.000000 180.000000
3 -310.000000 498.000000 180.000000
3 -330.000000 498.000000 180.000000
3 -350.000000 498.000000 180.000000
3 -370.000000 498.000000 180.000000
3 -390.000000 498.000000 180.000000
3 -410.000000 498.000000 180.000000
3 -430.000000 498.000000 180.000000
3 -450.000000 498.000000 180.000000
3 -470.000000 498.000000 180.000000
3 -489.500000 498.000000 180.000000
3 -499.000000 488.500000 270.000000
3 -499.000000 468.000000 270.000000
3 -499.000000 448.000000 270.000000
3 -499.000000 428.000000 270.000000
3 -499.000000 408.000000 270.000000
3 -499.000000 388.000000 270.000000
3 -499.000000 368.000000 270.000000
3 -499.000000 348.000000 270.000000
3 -499.000000 328.000000 270.000000
3 -499.000000 308.000000 270.000000
3 -499.000000 288.000000 270.000000
3 -499.000000 268.000000 270.000000
3 -499.000000 248.000000 270.000000
3 -499.000000 228.000000 270.000000
3 -499.000000 208.000000 270.000000
3 -499.000000 188.000000 270.000000
3 -499.000000 168.000000 270.000000
3 -499.000000 148.000000 270.000000
3 -499.000000 128.000000 270.000000
3 -499.000000 108.000000 270.000000
3 -499.000000 88.000000 270.000000
3 -499.000000 68.000000 270.000000
3 -499.000000 48.000000 270.000000
3 -499.000000 28.000000 270.000000
3 -499.000000 8.000000 270.000000
3 -499.000000 -12.000000 270.000000
3 -499.000000 -32.000000 270.000000
3 -499.000000 -52.000000 270.000000
3 -499.000000 -72.000000 270.000000
3 -499.000000 -92.000000 270.000000
3 -499.000000 -112.000000 270.000000
3 -499.000000 -132.000000 270.000000
3 -499.000000 -152.000000 270.000000
3 -499.000000 -172.000000 270.000000
3 -499.000000 -192.000000 270.000000
3 -499.000000 -212.000000 270.000000
3 -499.000000 -232.000000 270.000000
3 -499.000000 -252.000000 270.000000
3 -499.000000 -272.000000 270.000000
3 -499.000000 -292.000000 270.000000
3 -499.000000 -312.000000 270.000000
3 -499.000000 -332.000000 270.000000
3 -499.000000 -352.000000 270.000000
3 -499.000000 -372.000000 270.000000
3 -499.000000 -392.000000 270.000000
3 -499.000000 -412.000000 270.000000
3 -499.000000 -432.000000 270.000000
3 -499.000000 -451.000000 270.000000
3 -499.000000 -470.000000 270.000000
3 -499.000000 -489.000000 270.000000
3 -489.500000 -499.000000 0.000000
3 -469.500000 -499.000000 0.000000
3 -449.500000 -499.000000 0.000000
3 -429.500000 -499.000000 0.000000
3 -409.500000 -499.000000 0.000000
3 -389.500000 -499.000000 0.000000
3 -369.500000 -499.000000 0.000000
3 -349.500000 -499.000000 0.000000
3 -329.500000 -499.000000 0.000000
3 -309.500000 -499.000000 0.000000
3 -289.500000 -499.000000 0.000000
3 -269.500000 -499.000000 0.000000
3 -249.500000 -499.000000 0.000000
3 -229.500000 -499.000000 0.000000
3 -209.500000 -499.000000 0.000000
3 -189.500000 -499.000000 0.000000
3 -169.500000 -499.000000 0.000000
3 -149.500000 -499.000000 0.000000
3 -129.500000 -499.000000 0.000000
3 -109.500000 -499.000000 0.000000
3 -89.500000 -499.000000 0.000000
3 -69.500000 -499.000000 0.000000
3 -49.500000 -499.000000 0.000000
3 -29.500000 -499.000000 0.000000
3 -9.500000 -499.000000 0.000000
3 10.500000 -499.000000 0.000000
3 30.500000 -499.000000 0.000000
3 50.500000 -499.000000 0.000000
3 70.500000 -499.000000 0.000000
3 90.500000 -499.000000 0.000000
3 110.500000 -499.000000 0.000000
3 130.500000 -499.000000 0.000000
3 150.500000 -499.000000 0.000000
3 170.500000 -499.000000 0.000000
3 190.500000 -499.000000 0.000000
3 210.500000 -499.000000 0.000000
3 230.500000 -499.000000 0.000000
3 250.500000 -499.000000 0.000000
3 270.500000 -499.000000 0.000000
3 290.500000 -499.000000 0.000000
3 310.500000 -499.000000 0.000000
3 330.500000 -499.000000 0.000000
3 350.500000 -499.000000 0.000000
3 370.500000 -499.000000 0.000000
3 390.500000 -499.000000 0.000000
3 410.500000 -499.000000 0.000000
3 430.500000 -499.000000 0.000000
3 450.500000 -499.000000 0.000000
3 470.000000 -499.000000 0.000000
3 489.500000 -499.000000 0.000000
3 499.000000 -489.500000 90.000000
3 499.000000 -469.500000 90.000000
3 499.000000 -449.500000 90.000000
3 499.000000 -429.500000 90.000000
3 499.000000 -409.500000 90.000000
3 499.000000 -389.500000 90.000000
3 499.000000 -369.500000 90.000000
3 499.000000 -349.500000 90.000000
3 499.000000 -329.500000 90.000000
3 499.000000 -309.500000 90.000000
3 499.000000 -289.500000 90.000000
3 499.000000 -269.500000 90.000000
3 499.000000 -249.500000 90.000000
3 499.000000 -229.500000 90.000000
3 499.000000 -209.500000 90.000000
3 499.000000 -189.500000 90.000000
3 499.000000 -169.500000 90.000000
3 499.000000 -149.500000 90.000000
3 499.000000 -129.500000 90.000000
3 499.000000 -109.500000 90.000000
3 499.000000 -89.500000 90.000000
3 499.000000 -69.500000 90.000000
3 499.000000 -49.500000 90.000000
3 499.000000 -29.500000 90.000000
3 499.000000 -9.500000 90.000000
3 499.000000 10.500000 90.000000
3 499.000000 30.500000 90.000000
3 499.000000 50.500000 90.000000
3 499.000000 70.500000 90.000000
3 499.000000 90.500000 90.000000
3 499.000000 110.500000 90.000000
3 499.000000 130.500000 90.000000
3 499.000000 150.500000 90.000000
3 499.000000 170.500000 90.000000
3 499.000000 190.500000 90.000000
3 499.000000 210.500000 90.000000
3 499.000000 230.500000 90.000000
3 499.000000 250.500000 90.000000
3 499.000000 270.500000 90.000000
3 499.000000 290.500000 90.000000
3 499.000000 310.500000 90.000000
3 499.000000 330.500000 90.000000
3 499.000000 350.500000 90.000000
3 499.000000 370.500000 90.000000
3 499.000000 390.500000 90.000000
3 499.000000 410.500000 90.000000
3 499.000000 430.500000 90.000000
3 499.000000 450.000000 90.000000
3 499.000000 469.500000 90.000000
3 499.000000 488.500000 90.000000
0 442.000000 446.000000 0.000000
0 442.000000 370.000000 0.000000
0 442.000000 294.000000 0.000000
0 442.000000 218.000000 0.000000
0 442.000000 142.000000 0.000000
0 442.000000 66.000000 0.000000
0 442.000000 -10.000000 0.000000
0 442.000000 -86.000000 0.000000
0 442.000000 -162.000000 0.000000
0 442.000000 -238.000000 0.000000
0 442.000000 -314.000000 0.000000
0 442.000000 -390.000000 0.000000
0 442.000000 -466.000000 0.000000
0 361.000000 446.000000 0.000000
0 361.000000 370.000000 0.000000
0 361.000000 294.000000 0.000000
0 361.000000 218.000000 0.000000
0 361.000000 142.000000 0.000000
0 361.000000 66.000000 0.000000
0 361.000000 -10.000000 0.000000
0 361.000000 -86.000000 0.000000
0 361.000000 -162.000000 0.000000
0 361.000000 -238.000000 0.000000
0 361.000000 -314.000000 0.000000
0 361.000000 -390.000000 0.000000
0 361.000000 -466.000000 0.000000
0 280.000000 446.000000 0.000000
0 280.000000 370.000000 0.000000
0 280.000000 294.000000 0.000000
0 280.000000 218.000000 0.000000
0 280.000000 142.000000 0.000000
0 280.000000 66.000000 0.000000
0 280.000000 -10.000000 0.000000
0 280.000000 -86.000000 0.000000
0 280.000000 -162.000000 0.000000
0 280.000000 -238.000000 0.000000
0 280.000000 -314.000000 0.000000
0 280.000000 -390.000000 0.000000
0 280.000000 -466.000000 0.000000
0 199.000000 446.000000 0.000000
0 199.000000 370.000000 0.000000
0 199.000000 294.000000 0.000000
0 199.000000 218.000000 0.000000
0 199.000000 142.000000 0.000000
0 199.000000 66.000000 0.000000
0 199.000000 -10.000000 0.000000
0 199.000000 -86.000000 0.000000
0 199.000000 -162.000000 0.000000
0 199.000000 -238.000000 0.000000
0 199.000000 -314.000000 0.000000
0 199.000000 -390.000000 0.000000
0 199.000000 -466.000000 0.000000
0 118.000000 446.000000 0.000000
0 118.000000 370.000000 0.000000
0 118.000000 294.000000 0.000000
0 118.000000 218.000000 0.000000
0 118.000000 142.000000 0.000000
0 118.000000 66.000000 0.000000
0 118.000000 -10.000000 0.000000
0 118.000000 -86.000000 0.000000
0 118.000000 -162.000000 0.000000
0 118.000000 -238.000000 0.000000
0 118.000000 -314.000000 0.000000
0 118.000000 -390.000000 0.000000
0 118.000000 -466.000000 0.000000
0 37.000000 446.000000 0.000000
0 37.000000 370.000000 0.000000
0 37.000000 294.000000 0.000000
0 37.000000 218.000000 0.000000
0 37.000000 142.000000 0.000000
0 37.000000 66.000000 0.000000
0 37.000000 -10.000000 0.000000
0 37.000000 -86.000000 0.000000
0 37.000000 -162.000000 0.000000
0 37.000000 -238.000000 0.000000
0 37.000000 -314.000000 0.000000
0 37.000000 -390.000000 0.000000
0 37.000000 -466.000000 0.000000
0 -44.000000 446.000000 0.000000
0 -44.000000 370.000000 0.000000
0 -44.000000 294.000000 0.000000
0 -44.000000 218.000000 0.000000
0 -44.000000 142.000000 0.000000
0 -44.000000 66.000000 0.000000
0 -44.000000 -10.000000 0.000000
0 -44.000000 -86.000000 0.000000
0 -44.000000 -162.000000 0.000000
0 -44.000000 -238.000000 0.000000
0 -44.000000 -314.000000 0.000000
0 -44.000000 -390.000000 0.000000
0 -44.000000 -466.000000 0.000000
0 -125.000000 446.000000 0.000000
0 -125.000000 370.000000 0.000000
0 -125.000000 294.000000 0.000000
0 -125.000000 218.000000 0.000000
0 -125.000000 142.000000 0.000000
0 -125.000000 66.000000 0.000000
0 -125.000000 -10.000000 0.000000
0 -125.000000 -86.000000 0.000000
0 -125.000000 -162.000000 0.000000
0 -125.000000 -238.000000 0.000000
0 -125.000000 -314.000000 0.000000
0 -125.000000 -390.000000 0.000000
0 -125.000000 -466.000000 0.000000
0 -206.000000 446.000000 0.000000
0 -206.000000 370.000000 0.000000
0 -206.000000 294.000000 0.000000
0 -206.000000 218.000000 0.000000
0 -206.000000 142.000000 0.000000
0 -206.000000 66.000000 0.000000
0 -206.000000 -10.000000 0.000000
0 -206.000000 -86.000000 0.000000
0 -206.000000 -162.000000 0.000000
0 -206.000000 -238.000000 0.000000
0 -206.000000 -314.000000 0.000000
0 -206.000000 -390.000000 0.000000
0 -206.000000 -466.000000 0.000000
0 -287.000000 446.000000 0.000000
0 -287.000000 370.000000 0.000000
0 -287.000000 294.000000 0.000000
0 -287.000000 218.000000 0.000000
0 -287.000000 142.000000 0.000000
0 -287.000000 66.000000 0.000000
0 -287.000000 -10.000000 0.000000
0 -287.000000 -86.000000 0.000000
0 -287.000000 -162.000000 0.000000
0 -287.000000 -238.000000 0.000000
0 -287.000000 -314.000000 0.000000
0 -287.000000 -390.000000 0.000000
0 -287.000000 -466.000000 0.000000
0 -368.000000 446.000000 0.000000
0 -368.000000 370.000000 0.000000
0 -368.000000 294.000000 0.000000
0 -368.000000 218.000000 0.000000
0 -368.000000 142.000000 0.000000
0 -368.000000 66.000000 0.000000
0 -368.000000 -10.000000 0.000000
0 -368.000000 -86.000000 0.000000
0 -368.000000 -162.000000 0.000000
0 -368.000000 -238.000000 0.000000
0 -368.000000 -314.000000 0.000000
0 -368.000000 -390.000000 0.000000
0 -368.000000 -466.000000 0.000000
0 -449.000000 446.000000 0.000000
0 -449.000000 370.000000 0.000000
0 -449.000000 294.000000 0.000000
0 -449.000000 218.000000 0.000000
0 -449.000000 142.000000 0.000000
0 -449.000000 66.000000 0.000000
0 -449.000000 -10.000000 0.000000
0 -449.000000 -86.000000 0.000000
0 -449.000000 -162.000000 0.000000
0 -449.000000 -238.000000 0.000000
0 -449.000000 -314.000000 0.000000
0 -449.000000 -390.000000 0.000000
0 -449.000000 -466.000000 0.000000
